all_seeing: 461.87921971531955, 0.6860198725258686, -0.869494090011727, 0.43722954355185195 
all_bkgsig: 26.47111428278329, 1.014405795857852, -16.985179115012222, 9.81027950453267 
